0,50
0,47
0,46
0,12
0,11
0,10
0,8
34,91
34,90
34,89
34,88
34,87
34,86
34,85
34,84
34,83
34,82
34,81
34,80
34,79
34,78
34,77
34,76
34,75
34,74
34,73
34,72
34,71
34,70
34,69
34,68
34,67
34,66
34,65
34,64
34,36
34,35
34,34
34,33
34,32
34,31
34,30
34,29
34,28
34,27
34,26
34,25
34,24
34,23
34,22
34,21
34,20
34,19
34,18
34,17
34,16
34,15
34,14
34,13
34,12
34,11
34,10
34,9
34,8
34,7
34,5
34,4
34,3
34,2
34,1
34,0
33,10
33,9
33,8
33,7
33,5
33,4
33,3
33,2
33,1
33,0
32,5
32,4
32,3
32,2
32,1
32,0
31,5
31,4
31,3
31,2
31,1
31,0
30,3
30,2
30,1
30,0
29,8
29,7
29,5
29,4
29,3
29,2
29,1
29,0
28,6
28,5
28,4
28,3
28,2
28,1
28,0
27,4
27,3
27,2
27,1
27,0
26,5
26,4
26,3
26,2
26,1
26,0
25,5
25,4
25,3
25,2
25,1
25,0
24,3
24,2
24,1
24,0
23,3
23,2
23,1
23,0
22,4
22,3
22,2
22,1
22,0
21,5
21,4
21,3
21,2
21,1
21,0
20,4
20,3
20,2
20,1
20,0
19,4
19,3
19,2
19,1
19,0
18,4
18,3
18,2
18,1
18,0
17,4
17,3
17,2
17,1
17,0
16,3
16,2
16,1
16,0
15,3
15,2
15,1
15,0
14,3
14,2
14,1
14,0
13,4
13,3
13,2
13,1
13,0
12,4
12,3
12,2
12,1
12,0
11,5
11,4
11,3
11,2
11,1
11,0
10,3
10,2
10,1
10,0
9,3
9,2
9,1
9,0
8,5
8,4
8,3
8,2
8,1
8,0
7,3
7,2
7,1
7,0
6,6
6,5
6,4
6,3
6,2
6,1
6,0
5,5
5,4
5,3
5,2
5,1
5,0
4,3
4,2
4,1
4,0
3,2
3,1
2,2
2,1
1,2
1,1
0,52
0,51
0,9
0,2
0,1
34,92
34,93
34,95
34,96
34,98
34,99
34,101
34,103
34,104
34,106
34,107
34,109
34,111
34,112
34,114
34,115
34,117
34,118
34,120
34,122
34,123
34,125
34,126
34,128
34,130
34,131
34,133
34,134
34,136
34,137
34,139
34,141
34,142
34,144
34,145
34,147
34,149
34,150
34,152
34,153
34,155
34,156
34,158
34,160
34,161
34,163
34,164
34,166
34,168
34,169
34,171
34,172
34,174
34,176
34,177
34,179
34,180
34,182
34,183
34,185
34,187
34,188
34,190
34,191
34,193
34,195
34,196
34,198
34,199
34,201
34,202
34,204
34,206
34,207
34,209
34,210
34,212
34,214
34,215
34,217
34,218
34,220
34,221
34,223
34,225
34,226
34,228
34,229
34,231
34,233
34,234
34,236
34,237
34,239
34,241
34,242
34,244
34,245
34,247
34,248
34,250
34,252
34,253
34,255
34,256
34,258
34,260
34,261
34,263
34,264
34,266
34,267
34,269
34,271
34,272
34,274
34,275
34,277
34,279
34,280
34,282
34,283
34,285
34,286
34,288
34,290
34,291
34,293
34,294
34,296
34,298
34,299
34,301
34,302
34,304
34,305
34,307
34,309
34,310
34,312
34,313
34,315
34,317
34,318
34,320
34,321
34,323
34,325
34,326
34,328
34,329
34,331
34,332
34,334
34,336
34,337
34,339
34,340
34,342
34,344
34,345
34,347
34,348
34,350
34,351
34,353
34,355
34,356
34,358
34,359
34,361
34,363
34,364
34,366
34,367
34,369
34,370
34,372
34,374
34,375
34,377
34,378
34,380
34,382
34,383
34,385
34,386
34,388
34,390
34,391
34,393
34,394
34,396
34,397
34,399
34,401
34,402
34,404
34,405
34,407
34,409
34,410
34,412
34,413
34,415
34,416
34,418
34,420
34,421
34,423
34,424
34,426
34,428
34,429
34,431
34,432
34,434
34,435
34,437
34,439
34,440
34,442
34,443
34,445
34,447
34,448
34,450
34,451
34,453
34,454
34,456
34,458
34,459
34,461
34,462
34,464
34,466
34,467
34,469
34,470
34,472
34,474
34,475
34,477
34,478
34,480
34,481
34,483
34,485
34,486
34,488
34,489
34,491
34,493
34,494
34,496
34,497
34,499
34,500
34,502
34,504
34,505
34,507
34,508
34,510
34,512
34,513
34,515
34,516
34,518
34,519
34,521
34,523
34,524
34,526
34,527
34,529
34,531
34,532
34,534
34,535
34,537
34,539
34,540
34,542
34,543
34,545
34,546
34,548
34,550
34,551
34,553
34,554
34,556
34,558
34,559
34,561
34,562
34,564
34,565
34,567
34,569
34,570
34,572
34,573
34,575
34,577
34,578
34,580
34,581
34,583
34,584
34,586
34,588
34,589
34,591
34,592
34,594
34,596
34,597
34,599
34,600
34,602
34,604
34,605
34,607
34,608
34,610
34,611
34,613
34,615
34,616
34,618
34,619
34,621
34,623
34,624
34,626
34,627
34,629
34,630
34,632
34,634
34,635
34,637
34,638
34,640
34,642
34,643
34,645
34,646
34,648
34,649
34,651
34,653
34,654
34,656
34,657
34,659
34,661
34,662
34,664
34,665
34,667
34,668
34,670
34,672
34,673
34,675
34,676
34,678
34,680
34,681
34,683
34,684
34,686
34,688
34,689
34,691
34,692
34,694
34,695
34,697
34,699
34,700
34,702
34,703
34,705
34,707
34,708
34,710
34,711
34,713
34,714
34,716
34,718
34,719
34,721
34,722
34,724
34,726
34,727
34,729
34,730
34,732
34,733
34,735
34,737
34,738
34,740
34,741
34,743
34,745
34,746
34,748
34,749
34,751
34,753
34,754
34,756
34,757
34,759
34,760
34,762
34,764
34,765
34,767
34,768
34,770
34,772
34,773
34,775
34,776
34,778
34,779
34,781
34,783
34,784
34,786
34,787
34,789
34,791
34,792
34,794
34,795
34,797
34,798
34,800
34,802
34,803
34,805
34,806
34,808
34,810
34,811
34,813
34,814
34,816
34,817
34,819
34,821
34,822
34,824
34,825
34,827
34,829
34,830
34,832
34,833
34,835
34,837
34,838
34,840
34,841
34,843
34,844
34,846
34,848
34,849
34,851
34,852
34,854
34,856
34,857
34,859
34,860
34,862
34,863
34,865
34,867
34,868
34,870
34,871
34,873
34,875
34,876
34,878
34,879
34,881
34,882
34,884
34,886
34,887
34,889
34,890
34,892
34,894
34,895
34,897
34,898
34,900
34,902
34,903
34,905
34,906
34,908
34,909
34,911
34,913
34,914
34,916
34,917
34,919
34,921
34,922
34,924
34,925
34,927
34,928
34,930
34,932
34,933
34,935
34,936
34,938
34,940
34,941
34,943
34,944
34,946
34,947
34,949
34,951
34,952
34,954
34,955
34,957
34,959
34,960
34,962
34,963
34,965
34,966
34,968
34,970
34,971
34,973
34,974
34,976
34,978
34,979
34,981
34,982
34,984
34,986
34,987
34,989
34,990
34,992
34,993
34,995
34,997
34,998
34,1000
34,1001
34,1003
34,1005
34,1006
34,1008
34,1009
34,1011
34,1012
34,1014
34,1016
34,1017
34,1019
34,1020
34,1022
34,1024
34,1025
34,1027
34,1028
34,1030
34,1031
34,1033
34,1035
34,1036
34,1038
34,1039
34,1041
34,1043
34,1044
34,1046
34,1047
34,1049
34,1051
34,1052
34,1054
34,1055
34,1057
34,1058
34,1060
34,1062
34,1063
34,1065
34,1066
34,1068
34,1070
34,1071
34,1073
34,1074
34,1076
34,1077
34,1079
34,1081
34,1082
34,1084
34,1085
34,1087
34,1089
34,1090
34,1092
34,1093
34,1095
34,1096
34,1098
34,1100
34,1101
34,1103
34,1104
34,1106
34,1108
34,1109
34,1111
34,1112
34,1114
34,1116
34,1117
34,1119
34,1120
34,1122
34,1123
34,1125
34,1127
34,1128
34,1130
34,1131
34,1133
34,1135
34,1136
34,1138
34,1139
34,1141
34,1142
34,1144
34,1146
34,1147
34,1149
34,1150
34,1152
34,1154
34,1155
34,1157
34,1158
34,1160
34,1161
34,1163
34,1165
34,1166
34,1168
34,1169
35,1
35,3
35,4
36,0
36,1
36,3
36,4
36,7
37,1
37,2
38,0
38,1
38,3
38,5
38,7
38,9
39,0
39,2
40,0
40,1
40,3
40,4
40,7
40,8
41,1
41,3
42,0
42,2
42,3
42,5
42,8
42,9
42,11
42,12
42,14
42,15
42,17
42,19
42,20
42,22
42,23
42,25
42,27
42,28
42,30
42,31
42,33
42,34
42,36
42,65
42,66
42,68
42,69
42,71
42,73
42,74
42,76
42,77
42,79
42,81
42,82
42,84
42,85
42,87
42,88
42,90
42,92
42,93
42,95
42,96
42,98
42,100
42,101
42,103
42,104
42,106
42,107
42,109
42,111
42,112
42,114
42,115
42,117
42,119
42,120
42,122
42,123
42,125
42,126
42,128
42,130
42,131
42,133
42,134
42,136
42,138
42,139
42,141
42,142
42,144
42,145
42,147
42,149
42,150
42,152
42,153
42,155
42,157
42,158
42,160
42,161
42,163
42,165
42,166
42,168
42,169
42,171
42,172
42,174
42,176
42,177
42,179
42,180
42,182
42,184
42,185
42,187
42,188
42,190
42,191
42,193
42,195
42,196
42,198
42,199
42,201
42,203
42,204
42,206
42,207
42,209
42,210
42,212
42,214
42,215
42,217
42,218
42,220
42,222
42,223
42,225
42,226
42,228
42,230
42,231
42,233
42,234
42,236
42,237
42,239
42,241
42,242
42,244
42,245
43,1
43,3
44,0
44,2
44,3
45,1
45,2
45,3
45,0
44,1
43,2
43,0
42,243
42,240
42,238
42,235
42,232
42,229
42,227
42,224
42,221
42,219
42,216
42,213
42,211
42,208
42,205
42,202
42,200
42,197
42,194
42,192
42,189
42,186
42,183
42,181
42,178
42,175
42,173
42,170
42,167
42,164
42,162
42,159
42,156
42,154
42,151
42,148
42,146
42,143
42,140
42,137
42,135
42,132
42,129
42,127
42,124
42,121
42,118
42,116
42,113
42,110
42,108
42,105
42,102
42,99
42,97
42,94
42,91
42,89
42,86
42,83
42,80
42,78
42,75
42,72
42,70
42,67
42,64
42,35
42,32
42,29
42,26
42,24
42,21
42,18
42,16
42,13
42,10
42,7
42,4
42,1
41,2
41,0
40,5
40,2
39,3
39,1
38,8
38,4
38,2
37,3
37,0
36,5
36,2
35,5
35,2
35,0
34,1167
34,1164
34,1162
34,1159
34,1156
34,1153
34,1151
34,1148
34,1145
34,1143
34,1140
34,1137
34,1134
34,1132
34,1129
34,1126
34,1124
34,1121
34,1118
34,1115
34,1113
34,1110
34,1107
34,1105
34,1102
34,1099
34,1097
34,1094
34,1091
34,1088
34,1086
34,1083
34,1080
34,1078
34,1075
34,1072
34,1069
34,1067
34,1064
34,1061
34,1059
34,1056
34,1053
34,1050
34,1048
34,1045
34,1042
34,1040
34,1037
34,1034
34,1032
34,1029
34,1026
34,1023
34,1021
34,1018
34,1015
34,1013
34,1010
34,1007
34,1004
34,1002
34,999
34,996
34,994
34,991
34,988
34,985
34,983
34,980
34,977
34,975
34,972
34,969
34,967
34,964
34,961
34,958
34,956
34,953
34,950
34,948
34,945
34,942
34,939
34,937
34,934
34,931
34,929
34,926
34,923
34,920
34,918
34,915
34,912
34,910
34,907
34,904
34,901
34,899
34,896
34,893
34,891
34,888
34,885
34,883
34,880
34,877
34,874
34,872
34,869
34,866
34,864
34,861
34,858
34,855
34,853
34,850
34,847
34,845
34,842
34,839
34,836
34,834
34,831
34,828
34,826
34,823
34,820
34,818
34,815
34,812
34,809
34,807
34,804
34,801
34,799
34,796
34,793
34,790
34,788
34,785
34,782
34,780
34,777
34,774
34,771
34,769
34,766
34,763
34,761
34,758
34,755
34,752
34,750
34,747
34,744
34,742
34,739
34,736
34,734
34,731
34,728
34,725
34,723
34,720
34,717
34,715
34,712
34,709
34,706
34,704
34,701
34,698
34,696
34,693
34,690
34,687
34,685
34,682
34,679
34,677
34,674
34,671
34,669
34,666
34,663
34,660
34,658
34,655
34,652
34,650
34,647
34,644
34,641
34,639
34,636
34,633
34,631
34,628
34,625
34,622
34,620
34,617
34,614
34,612
34,609
34,606
34,603
34,601
34,598
34,595
34,593
34,590
34,587
34,585
34,582
34,579
34,576
34,574
34,571
34,568
34,566
34,563
34,560
34,557
34,555
34,552
34,549
34,547
34,544
34,541
34,538
34,536
34,533
34,530
34,528
34,525
34,522
34,520
34,517
34,514
34,511
34,509
34,506
34,503
34,501
34,498
34,495
34,492
34,490
34,487
34,484
34,482
34,479
34,476
34,473
34,471
34,468
34,465
34,463
34,460
34,457
34,455
34,452
34,449
34,446
34,444
34,441
34,438
34,436
34,433
34,430
34,427
34,425
34,422
34,419
34,417
34,414
34,411
34,408
34,406
34,403
34,400
34,398
34,395
34,392
34,389
34,387
34,384
34,381
34,379
34,376
34,373
34,371
34,368
34,365
34,362
34,360
34,357
34,354
34,352
34,349
34,346
34,343
34,341
34,338
34,335
34,333
34,330
34,327
34,324
34,322
34,319
34,316
34,314
34,311
34,308
34,306
34,303
34,300
34,297
34,295
34,292
34,289
34,287
34,284
34,281
34,278
34,276
34,273
34,270
34,268
34,265
34,262
34,259
34,257
34,254
34,251
34,249
34,246
34,243
34,240
34,238
34,235
34,232
34,230
34,227
34,224
34,222
34,219
34,216
34,213
34,211
34,208
34,205
34,203
34,200
34,197
34,194
34,192
34,189
34,186
34,184
34,181
34,178
34,175
34,173
34,170
34,167
34,165
34,162
34,159
34,157
34,154
34,151
34,148
34,146
34,143
34,140
34,138
34,135
34,132
34,129
34,127
34,124
34,121
34,119
34,116
34,113
34,110
34,108
34,105
34,102
34,100
34,97
34,94
1,45
3,44
2,44
1,44
3,43
2,43
1,43
3,42
2,42
1,42
3,41
2,41
1,41
3,40
2,40
1,40
3,39
2,39
1,39
3,38
2,38
1,38
3,37
2,37
1,37
3,36
2,36
1,36
3,35
2,35
1,35
3,34
2,34
1,34
3,33
2,33
1,33
3,32
2,32
1,32
3,31
2,31
1,31
3,30
2,30
1,30
3,29
2,29
1,29
3,28
2,28
1,28
3,27
2,27
1,27
3,26
2,26
1,26
3,25
2,25
1,25
3,24
2,24
1,24
3,23
2,23
1,23
3,22
2,22
1,22
3,21
2,21
1,21
3,20
2,20
1,20
3,19
2,19
1,19
3,18
2,18
1,18
3,17
2,17
1,17
3,16
2,16
1,16
3,15
2,15
1,15
3,14
2,14
1,14
3,13
2,13
1,13
3,12
2,12
1,12
3,11
2,11
1,11
3,10
2,10
1,10
3,9
2,9
1,9
3,8
2,8
1,8
3,7
2,7
1,7
3,6
2,6
1,6
3,5
2,5
1,5
3,4
2,4
1,4
3,3
3,0
2,3
2,0
1,3
1,0
0,6
0,0
0,49
0,48
0,45
0,5
0,7
0,4
0,3
